              precision    recall  f1-score   support

           0       0.98      0.96      0.97        53
           1       0.93      0.75      0.83        53
           2       1.00      0.96      0.98        53
           3       0.91      0.77      0.84        53
           4       1.00      0.91      0.95        57
           5       0.90      0.98      0.94        56
           6       0.95      0.96      0.95        54
           7       0.93      0.96      0.95        54
           8       0.76      0.90      0.82        52
           9       0.73      0.84      0.78        55

    accuracy                           0.90       540
   macro avg       0.91      0.90      0.90       540
weighted avg       0.91      0.90      0.90       540
